wavelength =  0.15485   0.15490   0.15495   0.15500   0.155050 0.15510   0.15515 (near 1550 nm.)
n_eff_LP01 = 1.449155416 1.449155416 1.449155416 1.449155416 1.449155416 1.449155416 1.449155416
n_eff_LP11 = 1.448616207 1.448616207 1.448616207 1.448616207 1.448616207 1.448616207 1.448616207
n_eff_LP21 = 1.448077843 1.448077843 1.448077843 1.448077843 1.448077843 1.448077843 1.448077843 
